1000 708168
1 499 68484
1 425 895895
1 782 701034
1 933 615153
1 30 282830
1 809 861895
3
1 517 367382
2 278613 3 425 933 425
1 555 613815
2 375003 5 555 517 782 517 30
3
2 692594 4 555 517 809 517
1 867 975200
2 873555 1 933
1 924 868735
2 385049 5 782 782 517 867 933
3
1 916 673465
2 734810 2 517 782
2 421046 5 425 933 499 782 499
3
1 320 957898
2 125047 3 916 320 867
3
1 195 141496
1 974 656625
2 229941 3 320 933 809
1 490 731219
1 208 247625
1 37 609787
1 193 152953
3
2 816841 3 499 425 924
2 503078 4 809 320 555 933
2 674111 4 916 974 195 782
1 341 397336
2 282765 1 30
2 716978 3 499 933 37
2 53844 4 933 782 37 37
2 744130 4 490 555 974 517
2 715444 1 867
3
2 302518 5 555 782 517 37 499
1 457 789102
1 424 373
1 529 467374
2 978440 5 809 320 193 517 341
1 342 667827
1 798 288625
1 10 67784
1 514 205176
3
1 351 820975
2 270607 4 37 798 933 10
2 446579 4 342 342 351 555
2 232248 2 555 782
3
1 205 65938
3
2 616064 2 514 924
2 488582 5 974 195 424 798 867
2 441613 1 208
2 400880 1 205
1 865 764798
3
2 221727 1 490
3
1 615 830625
2 100793 2 457 342
3
2 793718 5 782 457 341 490 30
2 692369 5 809 320 529 924 320
2 643958 1 193
2 532056 2 37 782
2 740008 5 933 809 867 193 798
1 883 774106
1 98 349634
2 144693 2 351 883
3
1 807 726521
2 545117 1 529
1 287 991492
1 262 964788
2 303727 3 341 208 341
1 921 525703
2 501783 4 195 195 424 193
1 546 853388
2 84409 3 351 287 933
1 427 848522
2 212253 4 865 916 98 98
2 171279 1 867
3
1 336 139518
2 707449 5 924 205 490 933 807
3
2 246233 4 37 320 208 208
1 26 344940
1 868 9089
3
2 288814 3 37 320 782
1 559 329335
3
1 682 819190
3
1 627 375105
3
1 830 502313
2 518329 1 514
1 788 550409
3
2 219234 1 517
2 238452 3 627 490 867
3
2 863316 2 351 627
3
1 4 622730
3
1 277 628452
1 247 703362
3
1 366 20066
3
1 29 417555
2 909368 4 868 788 830 788
3
2 391299 5 195 782 867 424 529
2 291265 2 559 809
3
1 383 220088
1 451 3793
2 520228 4 788 883 424 205
3
1 509 601734
1 963 508713
3
1 828 587929
2 456598 1 98
3
1 118 806911
1 543 846040
3
1 929 653867
3
1 532 88061
2 509067 4 788 921 287 916
2 540286 1 383
1 812 676666
2 866280 3 868 974 615
2 271183 1 341
3
2 92116 5 490 921 193 529 341
1 587 944325
3
1 940 437696
1 279 211371
3
2 220713 3 320 940 490
2 952704 4 30 457 555 457
2 108456 2 287 427
2 708711 4 247 867 425 517
2 150883 2 193 490
3
1 70 935818
3
2 428879 3 26 963 974
3
1 176 918836
2 318974 2 279 809
2 931992 5 383 933 208 208 29
3
2 325731 2 30 427
1 472 961594
2 767888 3 809 924 940
3
1 522 305558
1 421 283710
1 13 617464
2 877909 3 98 451 828
1 600 166850
1 165 517319
3
1 468 946799
2 437401 5 30 277 247 812 812
2 960499 3 529 830 924
3
1 21 986040
3
1 317 892424
2 813896 4 921 21 341 543
3
1 267 965464
2 332482 2 522 974
1 232 536449
1 836 31506
1 567 593917
1 282 756163
3
1 900 567925
3
2 673619 5 342 176 193 195 517
2 874760 1 933
1 239 527824
3
1 760 976251
3
1 450 571718
3
1 584 129558
1 19 1317
3
1 813 675999
3
2 262558 2 509 615
1 312 452821
1 657 847357
2 605028 3 514 317 921
1 216 329866
2 571095 2 812 657
1 157 540883
3
1 491 524023
2 307948 3 351 788 118
1 647 790543
1 688 494931
1 407 959914
1 535 242713
1 582 413767
1 715 921508
1 890 548271
1 982 213829
2 624690 2 208 715
1 594 538972
1 84 231473
3
2 326846 1 421
1 832 731148
1 283 2124
3
2 72810 1 529
2 469186 3 883 421 472
1 467 217513
3
2 387289 1 450
3
1 497 623572
1 758 483940
1 408 270314
3
1 304 655078
1 131 594209
1 691 542830
1 994 223003
1 482 122033
2 43836 4 509 890 118 131
3
1 8 519081
1 129 311073
2 419951 3 425 267 529
1 775 251592
1 762 520398
1 989 278904
3
2 535388 1 514
3
2 963207 1 830
2 552066 5 216 657 157 490 775
2 779181 4 425 262 283 865
3
1 196 704413
1 354 367756
2 239656 2 216 890
3
1 188 833290
2 773577 4 807 532 497 425
2 571964 1 472
3
1 309 761648
2 788038 5 509 762 782 70 921
2 331003 3 587 963 277
1 44 408131
2 568821 3 813 929 529
1 329 623834
3
1 541 256579
2 947318 4 450 559 688 788
3
1 754 884398
3
1 417 866547
3
1 507 186698
1 169 322258
2 602286 2 467 468
3
1 155 931171
2 248023 2 354 467
3
1 438 400527
1 817 861231
1 842 162644
2 399012 1 383
2 386886 4 29 320 546 809
1 700 648027
3
1 251 379707
3
1 241 896510
3
1 597 271599
1 613 379999
2 964210 1 451
1 218 683176
1 569 443030
2 144118 5 817 760 407 351 309
1 207 974209
3
1 999 226006
1 139 182385
1 537 96242
2 878783 1 830
1 295 745088
1 16 9811
2 264853 2 232 497
2 417242 3 169 169 13
3
2 97798 1 208
2 741438 5 424 193 317 546 762
3
1 979 864186
3
1 223 781838
1 178 996883
3
1 773 84952
1 53 665946
2 187425 5 760 178 490 509 208
3
1 135 346526
3
1 24 362952
3
1 385 590430
2 698427 4 468 989 342 262
3
2 112149 1 44
3
1 271 970360
2 187145 4 207 451 247 832
1 711 619532
1 993 474828
3
2 601303 4 267 424 10 836
1 919 836907
1 12 322582
1 563 797086
2 850151 5 295 587 383 139 532
3
2 559906 4 283 563 682 451
1 978 284430
1 253 723110
1 471 174669
1 750 447075
1 671 179321
3
1 458 70728
1 930 859937
3
2 240278 5 921 451 70 196 232
3
1 589 159089
2 615688 4 865 408 207 223
3
1 882 450728
3
1 628 543113
3
1 43 118471
1 527 424937
2 107305 4 29 817 700 532
2 860174 1 890
1 350 769120
1 638 817208
2 815013 2 216 497
1 799 37531
2 54196 5 589 218 157 131 304
1 995 514208
1 361 827019
3
2 493966 1 979
2 741278 2 438 647
1 936 418070
3
1 749 812398
1 980 340255
3
1 455 19374
3
1 851 478345
1 92 686781
2 103994 4 21 277 517 253
1 63 382326
3
2 316229 4 139 471 865 282
3
1 565 68775
3
1 686 657141
1 695 1858
3
1 757 543603
2 601555 3 813 438 336
3
1 393 10400
1 519 840793
1 544 857041
1 369 294831
3
1 917 80255
3
2 387049 5 546 782 615 205 565
3
2 823992 2 594 762
3
1 614 31711
3
1 432 258258
3
1 903 967744
1 107 102439
1 110 118195
1 689 643185
3
1 48 69519
3
2 492444 1 26
3
1 607 661308
1 270 761656
3
1 441 10808
1 887 430428
1 184 95217
1 694 564692
1 209 944636
2 698839 3 541 930 979
2 600393 5 691 936 933 468 688
3
1 985 922236
3
1 495 982762
3
2 131740 5 4 809 782 287 208
2 98830 2 490 441
2 19294 2 758 527
1 952 273387
3
2 44867 5 451 499 12 232 917
3
1 912 262491
3
2 650568 2 342 773
1 301 2136
2 29440 2 647 271
2 347519 5 582 232 8 758 933
1 622 751732
2 985213 5 241 563 44 129 978
2 825836 4 195 686 282 582
1 528 465624
2 213194 4 828 749 607 277
3
1 878 384462
1 714 336859
1 923 122765
1 800 902673
2 876764 2 817 978
1 32 880462
2 423100 4 267 457 868 350
2 728551 5 421 714 283 528 499
1 219 649518
2 491739 5 916 559 528 455 232
2 38322 2 279 438
1 819 743466
2 181557 5 207 507 528 647 695
3
2 378206 1 490
3
2 286727 5 924 251 19 385 247
2 399592 5 878 393 865 432 43
3
1 864 253855
1 376 944349
2 452381 1 383
2 679715 3 813 864 499
2 105529 5 491 155 993 819 110
2 538966 1 757
2 106337 2 44 985
2 407541 2 232 830
2 92888 3 341 48 271
3
1 733 823721
2 18849 5 8 247 131 638 758
3
1 801 285566
3
1 742 202607
1 175 791465
1 542 904358
1 302 320802
2 118567 5 29 865 628 219 468
3
2 476423 1 196
2 794721 3 695 930 917
1 489 434651
3
1 228 973877
1 656 982110
3
1 300 712659
3
2 898260 2 301 638
2 236845 4 184 813 270 495
2 492881 1 19
3
1 289 984686
1 636 412539
1 538 807876
2 991520 3 131 933 432
2 183132 1 432
1 111 549378
1 673 873527
2 127350 2 98 8
3
2 373872 1 750
3
1 630 246465
2 929325 4 994 936 887 369
3
1 905 532140
1 290 146914
2 309181 2 622 589
1 411 508956
2 824402 5 209 208 176 383 70
2 824593 3 775 514 4
2 380700 3 883 507 216
3
1 735 50628
1 378 414998
3
1 660 974581
3
2 955641 3 916 656 63
2 930745 2 890 24
2 573491 3 527 427 53
2 186496 5 178 930 457 514 830
1 838 951442
2 361025 2 788 408
1 231 751857
2 601329 3 733 985 923
1 777 613698
1 596 854115
3
1 554 148671
3
1 827 263216
2 761833 5 812 587 735 289 251
1 60 113933
2 621242 4 129 424 514 253
1 246 402527
3
1 769 723917
2 899223 4 567 320 542 817
1 728 937654
3
1 501 204445
2 710898 1 628
3
1 530 442876
3
1 151 245472
1 898 108803
2 995970 1 775
2 657452 4 329 563 607 544
3
1 79 763678
3
1 326 196475
2 207259 3 228 762 836
2 670726 2 519 110
3
2 519808 3 809 490 247
2 61974 4 600 118 657 19
2 121789 5 963 279 613 887 916
3
1 149 82681
1 189 262141
3
1 435 425486
2 821237 3 952 407 689
3
2 93788 2 749 111
1 776 67367
3
1 986 191032
3
1 74 233363
1 674 133097
1 581 580911
3
1 181 479828
2 711724 1 205
1 896 181589
2 397480 4 43 247 999 528
1 669 244178
1 272 505136
3
2 418590 2 129 627
1 278 232217
3
2 134899 2 647 600
3
2 93550 2 407 195
2 42196 5 354 762 673 53 978
2 328227 4 985 851 169 749
3
1 375 659176
2 859921 4 974 301 497 216
1 307 996069
1 859 183659
3
1 318 927386
3
1 377 126120
2 860508 3 890 614 900
1 943 554127
3
2 555935 1 155
2 979486 5 421 555 219 543 868
3
1 797 592409
1 664 905688
2 667502 4 300 435 70 859
2 885711 3 656 728 175
2 952783 5 735 341 754 828 694
1 516 668060
3
1 236 994936
2 902677 4 441 300 178 29
1 191 145958
2 293917 5 742 427 432 994 542
3
1 617 122067
1 811 199382
2 643646 1 930
3
2 910337 2 974 799
1 94 588834
2 873447 2 178 223
3
1 810 367539
2 289211 5 295 567 982 546 241
3
1 885 308185
2 239433 3 994 827 682
3
2 906809 3 320 111 107
3
1 685 868865
1 821 160697
3
1 642 907218
1 418 131006
2 398199 1 468
1 487 505852
2 127933 3 37 191 487
3
1 357 490937
2 63930 5 84 424 16 336 354
3
2 207345 4 342 630 70 351
2 662631 1 656
1 846 838390
1 515 255567
3
1 955 624034
1 199 419301
3
2 957165 1 307
1 840 251747
3
1 391 805623
1 699 663479
1 524 756884
1 0 554192
2 900269 5 836 762 812 711 98
1 764 839008
2 165756 4 341 301 544 614
1 484 269305
1 128 254204
2 381067 2 775 885
2 297700 3 8 800 26
3
2 394742 3 930 940 468
2 557896 5 656 865 317 936 471
3
1 675 282746
3
1 992 911777
2 406350 2 656 642
2 89563 3 468 758 812
2 978778 3 982 992 630
3
2 3198 3 885 664 878
3
1 791 808331
2 524751 1 300
3
1 344 875155
2 215566 4 541 878 546 472
2 493015 3 537 350 912
1 255 817466
1 551 992743
1 820 386444
2 824075 2 427 695
3
1 879 963424
2 422614 5 290 326 366 19 565
1 829 114810
2 498864 2 867 674
3
2 836908 5 613 840 777 638 110
3
1 906 585826
1 81 552258
2 464093 5 304 175 312 195 978
3
1 880 482349
1 948 410363
1 348 937475
2 316812 5 989 700 110 952 8
2 25132 4 980 253 982 44
1 444 79067
3
1 55 317582
3
1 91 68481
1 426 584920
2 757195 5 514 600 581 241 992
2 479845 3 664 842 246
1 158 324871
1 210 423223
2 21142 2 24 468
2 203450 4 782 438 773 366
3
2 168279 3 94 43 181
2 305659 4 567 253 689 773
1 58 840487
3
2 719862 5 813 468 622 614 800
2 408239 1 890
1 609 948906
1 779 842525
3
2 237867 5 246 157 836 255 290
2 749451 4 921 821 13 636
3
1 931 92235
1 109 270881
1 95 22356
3
2 518825 2 424 940
3
2 199053 4 255 982 868 528
2 78585 5 750 660 301 829 529
2 755763 5 807 711 995 980 501
3
1 45 365471
2 948478 2 98 455
1 339 341426
1 579 377716
3
1 703 151128
2 383524 2 660 714
1 697 595630
1 651 660462
2 75737 2 867 326
2 344370 2 301 563
3
1 480 62906
2 255173 4 955 289 295 131
2 131097 3 985 480 60
3
1 784 920313
2 856526 5 882 247 555 30 74
1 447 535618
2 346583 3 543 865 424
1 701 880372
1 949 913056
3
1 96 922062
1 464 360148
3
2 712358 4 542 782 467 491
3
2 996861 1 758
1 338 544219
2 4267 3 647 943 546
2 848903 5 24 70 567 995 451
2 873745 3 165 995 270
3
2 27611 5 13 435 514 24 791
2 188440 5 764 868 986 447 992
3
1 374 24240
1 389 428758
3
1 841 542920
1 20 950955
2 921930 1 37
2 365483 4 565 517 963 999
2 984679 3 993 129 832
2 54179 4 307 151 455 798
1 911 366234
3
1 640 621988
2 51633 4 750 13 247 131
2 179594 4 660 175 906 393
1 891 268537
1 136 951067
1 560 206908
2 126405 3 207 776 829
1 783 109761
1 82 374291
1 944 47395
2 931731 1 272
3
1 645 58667
3
1 465 733168
1 264 655982
2 706110 3 614 487 982
2 834161 3 880 827 267
1 941 845900
2 854710 2 941 378
1 616 47356
3
1 624 21453
1 960 187326
2 502336 5 691 952 241 176 178
1 75 649593
1 59 172582
3
1 590 299308
1 483 310055
3
2 140310 2 528 246
2 436321 3 467 840 898
3
1 87 751840
3
1 808 735973
1 403 362025
3
1 586 632212
2 284846 5 841 882 941 158 821
1 778 165382
2 340904 3 900 841 517
3
2 14378 4 82 762 501 223
1 141 800439
2 788177 5 622 81 193 391 95
3
1 705 508712
3
1 237 709601
3
2 276537 4 940 689 878 589
3
1 626 341031
2 621527 2 813 673
3
1 69 453822
1 212 252521
1 33 291987
2 962647 2 283 37
3
2 217837 4 810 131 800 74
1 130 336408
1 852 874509
2 923387 5 906 808 231 626 645
1 502 76876
2 902365 3 700 775 344
1 847 287476
1 332 81417
1 964 186637
2 634839 4 882 515 205 656
2 37989 2 329 348
3
1 731 178119
1 57 645165
2 219631 3 290 87 342
1 803 761656
3
1 28 427639
1 434 817499
2 758844 4 714 59 178 695
2 751476 3 435 535 660
3
2 380109 1 607
1 80 607557
3
1 242 699515
2 286693 3 450 216 357
3
1 150 838953
2 567716 4 777 948 26 189
1 420 311235
3
1 972 349108
1 310 527887
1 755 610544
3
2 709624 5 231 764 109 24 682
1 768 659164
1 127 279727
3
2 344179 5 813 779 812 342 516
3
1 806 862869
3
2 326793 3 527 544 241
3
2 342567 2 768 393
2 642889 4 671 682 671 808
1 540 537541
2 686640 1 389
3
2 845834 2 999 516
2 928165 2 828 471
1 606 428291
1 771 28251
2 42289 5 807 916 878 509 885
2 403897 5 13 231 906 242 369
1 124 854333
2 396170 1 45
3
2 890419 5 800 464 317 626 589
1 40 453355
2 178551 5 783 26 43 699 797
2 404538 4 829 532 916 517
2 558093 5 827 232 447 4 800
1 172 737852
2 321734 5 172 33 278 537 773
1 164 195364
3
1 430 907177
2 482526 4 941 424 864 657
1 983 990374
3
2 187807 4 417 597 450 929
1 258 487351
1 314 243586
1 305 864883
2 465891 3 701 808 919
1 405 564228
1 269 47414
3
1 284 462653
1 588 267217
3
1 443 741885
2 633316 4 615 150 811 606
1 736 624170
3
2 610039 2 597 916
1 959 28874
2 751059 2 778 614
2 940082 3 332 411 207
2 915288 5 671 890 136 0 69
3
1 723 169524
2 587608 3 606 501 916
1 27 441669
1 104 636431
1 707 869039
3
1 3 796974
3
2 619397 2 27 242
3
1 373 464018
1 454 218148
1 521 841213
1 585 74562
3
1 644 393664
1 93 120940
1 520 453784
2 657166 2 728 74
3
