1000 83912
1 136 967714
1 58 969847
1 269 715080
1 288 909313
1 563 220088
1 405 129739
1 888 310194
2 948051 4 888 269 405 405
3
2 105404 1 288
2 979030 5 888 58 58 288 405
1 661 285395
1 455 260252
3
1 505 726480
3
1 861 165661
3
1 16 520388
1 459 653356
2 139548 2 505 16
3
1 636 517737
2 555933 5 861 505 405 269 288
2 461341 5 269 58 136 563 888
1 325 515636
3
1 447 983851
1 411 687219
1 307 974226
1 440 891361
3
1 147 684591
1 437 225189
3
1 221 806035
3
2 994803 2 16 437
2 642556 1 405
1 930 17269
1 155 524718
1 776 114225
1 163 837658
3
1 492 663319
3
2 565803 1 16
2 439602 1 447
2 247953 1 288
2 381871 1 307
2 287211 5 411 447 505 437 288
3
1 487 320340
2 535338 1 492
1 383 534220
1 426 596227
3
1 739 404252
2 847560 4 269 563 405 563
1 274 18286
3
1 885 166338
3
2 215568 5 269 930 155 269 274
3
1 867 635684
1 297 927600
1 751 902778
1 320 281775
1 346 754146
1 172 704525
2 243307 5 487 136 411 455 739
1 832 542027
1 131 480626
1 184 870186
2 246379 4 221 888 739 739
3
1 639 62415
1 595 786274
3
2 420393 1 155
1 642 904276
1 785 94403
1 590 634186
1 558 591495
3
1 301 68629
3
2 844864 5 505 58 297 505 325
2 462144 2 297 172
2 347485 3 58 785 155
1 752 41899
1 43 276086
3
2 296756 3 131 269 636
1 291 810170
3
2 793215 2 776 636
1 797 726258
3
1 233 809707
2 904273 3 16 440 751
1 722 334889
2 822826 1 590
3
1 918 478511
2 366733 5 297 918 785 505 785
1 476 647366
3
1 41 514560
3
2 583024 1 297
1 504 798851
2 515907 5 221 291 269 233 163
1 713 697938
3
1 821 194699
1 723 719455
1 484 716224
2 660272 3 723 43 184
3
1 847 877389
2 903484 2 639 642
1 500 355139
2 6509 5 500 288 288 713 269
1 804 160176
2 979710 2 455 505
2 397440 4 307 307 291 411
3
2 444643 4 459 346 307 861
2 860721 1 16
2 821766 4 563 558 301 325
2 966263 3 269 500 847
2 314385 3 172 426 504
3
1 316 780168
2 715208 4 797 307 163 41
1 810 636914
3
1 391 430674
1 176 484693
3
1 266 695293
1 354 911300
2 770923 3 776 847 383
3
1 783 871232
3
1 747 757708
2 233494 2 320 558
3
1 150 561635
3
1 24 775508
2 887947 3 16 383 888
2 500646 4 43 747 447 804
2 667870 1 155
3
2 662061 3 155 751 411
1 964 852112
1 425 712173
2 738172 4 354 266 307 739
3
2 301363 3 147 636 16
1 314 367003
3
1 596 437093
2 33551 3 383 437 266
3
1 940 754072
2 554018 1 492
2 14845 1 888
2 376895 3 16 288 722
3
1 38 159441
3
1 187 247264
2 17604 4 785 752 783 476
3
2 228648 1 558
1 974 550798
3
2 368749 1 636
2 763286 5 320 940 354 783 751
3
1 40 485500
1 22 98505
1 108 113221
1 598 649218
2 97366 4 288 713 642 832
3
2 794318 5 425 136 440 288 504
1 180 613065
1 351 428424
2 581902 5 459 187 38 176 723
1 730 347156
1 991 324117
1 4 529153
3
2 871016 4 505 739 184 163
1 698 579733
3
1 759 201506
1 1 117594
3
2 227409 1 301
2 334421 3 233 759 351
2 205043 2 172 476
1 842 256261
3
1 653 498026
1 468 172636
2 209325 3 797 108 991
2 315305 5 38 163 867 590 4
1 238 686936
3
1 109 982720
3
2 794531 4 269 964 739 751
1 14 867929
2 806252 2 14 425
2 167979 5 505 713 723 325 484
1 69 114588
1 741 853952
2 666704 5 307 187 964 505 730
2 741316 4 150 698 810 43
2 3529 4 504 316 155 492
2 610663 5 320 163 38 108 459
3
2 288934 4 108 150 484 783
3
1 570 141989
2 648000 4 58 172 558 842
3
1 253 192575
2 177939 2 598 596
2 142386 5 447 821 468 487 150
1 154 629460
2 499174 5 221 131 722 747 847
1 789 994101
2 312664 5 297 783 150 24 751
1 73 421100
3
2 27830 2 314 698
3
2 232856 2 38 351
3
2 675265 1 266
3
2 440956 3 752 172 155
2 319135 4 722 131 698 783
2 406737 3 595 492 4
3
1 853 512815
1 127 431195
3
2 370455 1 351
2 638728 5 184 661 847 455 14
2 561215 4 425 405 930 325
1 341 175172
1 509 672256
1 140 194811
3
1 826 809882
2 559321 2 723 58
1 88 157756
2 141318 1 847
2 147340 5 752 509 595 752 590
3
2 945267 1 24
3
1 654 293316
3
1 969 439455
2 600748 3 383 723 24
1 353 806975
1 658 422733
2 986976 4 425 853 383 353
2 582891 5 411 14 411 41 180
1 388 867879
1 877 670483
1 328 746850
3
1 329 532110
2 547480 5 140 353 176 4 842
1 856 766568
1 395 464709
2 25774 5 877 487 314 109 713
1 94 67832
1 919 539182
2 179717 5 930 698 391 150 447
3
1 800 962735
2 24663 3 741 919 639
1 285 240468
2 250674 3 238 238 832
2 469244 4 233 447 238 476
2 690128 2 187 253
1 643 742470
1 186 461807
1 367 624749
1 632 857058
2 678552 4 388 505 563 484
3
1 530 315759
2 911934 1 43
3
1 507 766739
1 501 565986
1 482 461571
3
1 836 760840
2 534717 1 654
1 321 987086
1 690 974386
3
1 584 708387
1 169 678611
1 219 162994
1 258 903198
1 349 4845
1 583 837103
1 276 712866
2 768249 1 316
2 530982 1 43
2 853843 1 690
3
1 208 444301
1 775 160430
1 450 651952
3
1 975 828532
1 19 830913
3
1 47 915154
1 539 360643
2 548470 2 867 367
2 614106 5 832 654 658 501 856
2 355866 5 437 590 964 297 500
3
1 663 113834
2 872882 2 354 276
1 898 379863
3
2 125144 3 346 411 468
2 13858 5 775 221 425 698 642
2 599290 2 752 58
3
1 277 428475
2 590656 3 329 785 504
2 687677 3 109 636 169
1 586 569104
3
1 555 858951
1 711 185296
2 210988 3 22 329 288
3
1 820 911838
3
2 110980 1 711
2 171676 2 447 505
1 727 320758
3
1 950 810045
1 431 285248
2 240434 5 658 208 888 730 842
3
1 86 152870
1 143 576784
2 916499 3 832 853 47
2 138430 2 391 187
3
1 461 851234
2 238449 3 558 233 437
3
2 405272 4 425 288 314 821
2 474421 4 351 727 154 269
3
2 847457 1 16
2 783598 3 751 461 1
1 306 614441
2 22555 2 47 804
2 488056 1 727
2 239557 5 180 395 136 208 1
2 139685 3 713 316 964
1 682 853977
1 181 354673
2 644126 3 783 437 847
3
1 224 105180
3
1 554 562364
1 153 33284
3
2 430762 5 388 349 747 642 653
1 151 784526
1 279 981915
1 931 38129
1 575 621629
1 335 211133
1 912 998782
2 1548 3 169 583 539
1 787 298411
3
1 559 863085
1 561 343667
2 42081 5 169 181 558 24 447
3
1 226 645677
2 243682 4 425 450 274 131
1 223 778240
3
1 891 220662
2 811366 5 867 682 561 328 940
1 602 759511
2 226159 3 505 140 172
1 589 674455
2 771795 2 722 354
2 265555 4 653 639 437 861
3
1 914 165489
1 125 928879
1 947 533406
1 980 350785
3
1 762 840717
3
1 498 370517
2 231857 2 349 722
1 379 677183
2 880203 2 321 19
3
1 10 125965
1 327 523387
2 79870 4 208 335 836 328
1 119 253967
3
1 748 493552
1 260 654180
2 781965 1 820
2 366554 3 950 711 974
3
2 82818 2 181 586
1 475 624296
1 674 848225
1 514 275712
2 263911 2 176 559
1 825 186661
2 311803 3 351 847 682
3
2 29880 2 40 291
1 446 881509
3
2 40614 2 253 169
1 635 60239
1 720 684928
3
2 219690 4 4 446 698 187
1 887 435990
1 197 198220
1 428 896061
1 177 951125
2 44069 2 425 561
2 120798 4 274 109 14 4
2 558804 3 950 226 226
3
1 854 496632
3
2 12806 5 177 797 785 682 395
3
1 322 275499
3
2 325262 4 555 775 804 346
2 555817 4 226 636 297 43
1 756 294792
2 866610 2 509 151
3
2 519 3 221 888 501
1 133 142309
3
2 237890 1 279
3
1 740 570091
1 638 515454
1 967 418172
2 896196 5 563 820 260 759 590
1 248 431542
3
1 764 680943
1 667 347051
1 574 294305
2 364615 2 43 764
2 689088 5 950 950 887 785 847
3
1 191 31729
2 87622 3 596 277 722
1 404 704120
1 571 664822
2 296844 3 219 590 440
1 48 225264
1 75 830085
1 464 746173
3
2 480817 1 266
1 630 479231
1 656 323637
2 754930 3 674 238 274
2 859391 4 10 561 752 475
1 478 875093
1 396 103528
3
1 996 171862
3
1 696 150806
2 989188 5 947 353 887 658 4
2 941819 3 38 94 75
3
1 315 806541
3
1 874 569723
3
1 308 727397
3
1 26 7821
3
1 438 5714
3
2 587201 5 723 764 888 642 674
2 47953 2 274 931
2 917984 1 428
3
1 236 925617
3
1 841 420234
1 27 956839
1 956 938601
3
2 649690 5 447 47 956 16 322
1 627 695733
3
1 384 251631
1 358 597262
1 952 782176
3
1 76 283437
2 920625 5 930 379 367 627 176
1 611 15434
2 44371 4 450 888 505 739
3
1 202 543075
1 415 964380
2 956744 4 885 285 667 16
3
1 525 878837
3
1 381 837380
2 173846 1 325
3
1 837 512461
2 606615 2 176 86
2 347182 1 169
3
2 359758 3 574 586 76
2 858689 4 563 492 464 642
3
2 951120 1 163
2 931765 2 10 150
3
1 977 582957
1 185 18554
3
1 372 737725
2 791672 4 405 16 507 810
2 276132 5 632 69 464 991 841
3
2 594491 5 475 975 353 308 388
1 240 929395
1 512 239467
2 689290 3 507 775 38
1 978 845483
3
1 988 253032
3
1 206 114560
1 979 836837
2 312133 3 656 751 16
1 85 857335
3
2 683319 2 150 975
3
1 687 265366
3
2 859890 2 383 739
2 997431 5 464 321 764 539 328
1 21 159730
1 706 510970
2 665090 2 321 437
1 235 509115
2 469942 4 391 696 447 586
1 35 167551
1 473 33036
2 907693 1 367
2 198625 1 367
2 800924 2 468 748
1 546 434733
3
2 787934 2 919 507
2 703837 2 236 837
2 481761 4 24 226 487 464
1 53 587785
1 541 989875
2 371827 1 891
1 879 889686
3
1 551 799871
1 962 757858
1 961 486949
1 549 582047
2 625554 5 73 459 751 150 962
2 210414 3 288 785 269
2 589711 4 279 505 35 143
3
2 103960 3 837 653 654
1 721 41295
2 395821 3 721 756 847
1 188 18735
1 954 641474
1 770 522028
3
1 840 897573
3
1 572 478854
2 780406 1 248
2 917138 5 918 583 297 663 150
2 348767 1 133
2 6264 4 596 208 877 825
2 908895 1 238
1 707 34489
2 748802 4 789 507 329 877
2 324584 4 288 961 235 226
3
1 665 996882
3
2 729959 1 507
1 884 13760
3
1 441 288567
1 275 842365
3
1 545 769579
1 355 21876
1 958 842365
3
2 685722 2 69 279
1 430 884140
3
1 878 375065
1 263 636909
3
1 601 665858
2 222912 5 665 206 335 69 468
3
1 110 534795
3
1 662 664231
2 800916 3 53 759 978
3
2 197190 3 947 884 826
1 418 174974
3
2 80015 4 978 355 358 297
2 358632 1 269
2 106522 2 856 964
3
1 798 218698
3
2 892211 1 561
3
2 185889 4 572 219 140 223
3
1 205 697268
2 531618 5 601 878 950 88 800
1 347 126059
3
2 105786 1 16
1 365 322835
3
1 175 203495
2 544818 5 572 258 741 487 127
3
2 56410 4 316 602 954 316
3
2 242361 4 969 977 297 658
2 39561 3 208 740 832
1 523 15745
1 312 122706
2 746583 5 446 395 355 108 785
3
2 242194 4 177 226 721 635
2 972504 2 354 127
2 639777 4 747 425 787 586
2 347101 1 770
1 909 477706
3
1 486 19046
2 138653 1 554
1 483 221106
3
1 778 519001
3
1 55 554134
2 600419 2 572 956
1 637 862580
1 105 557381
2 158249 1 308
2 419394 3 136 396 131
1 366 968059
1 725 857787
3
1 556 591871
1 225 964941
1 965 387899
2 855798 3 446 108 722
2 337198 2 22 226
1 345 880438
3
2 418364 5 224 418 306 638 197
2 50194 4 482 638 636 636
3
1 692 891219
2 116536 3 109 721 877
3
1 339 157479
1 142 807307
3
2 782669 1 279
1 609 586881
3
2 903823 4 175 837 978 383
3
2 657609 3 85 484 395
1 593 41619
1 782 793731
1 875 740142
2 891396 3 884 820 554
1 243 223829
3
1 390 844878
2 805392 2 661 461
2 719463 1 355
1 765 404373
3
1 465 398803
1 11 63576
3
2 333829 3 692 238 918
1 457 617993
1 838 524862
2 887819 4 346 464 185 642
1 517 902763
1 394 821489
2 34036 1 523
3
1 672 56960
2 3038 2 367 978
2 817978 2 672 837
1 458 541822
2 943144 3 978 775 225
1 655 815547
1 651 592358
3
2 584214 5 236 345 301 962 918
3
1 617 762928
3
2 964183 3 991 202 765
1 594 334548
3
1 111 146492
1 352 141860
3
2 91095 2 727 609
1 650 679016
3
1 230 114551
3
2 914752 2 556 978
2 101182 4 367 274 177 279
1 406 515999
1 641 153
3
1 876 595845
1 859 903899
2 908065 4 142 593 85 73
1 895 396943
2 51171 4 4 739 826 110
1 302 487064
1 477 577730
3
1 490 331961
1 823 506385
3
2 636506 5 507 759 197 947 912
3
1 87 135701
2 611014 4 661 418 539 142
3
2 415481 2 504 739
3
1 386 125692
1 608 330439
2 453788 1 713
2 660630 1 856
1 966 359530
1 644 970570
2 499799 4 225 248 24 885
3
1 63 734812
3
1 434 274686
2 869094 2 341 969
2 627085 2 665 713
3
2 240159 5 431 980 611 186 301
2 20784 5 383 730 575 820 875
3
1 993 550498
3
1 359 869158
3
2 770384 4 637 665 740 574
2 162657 4 131 473 821 415
2 616233 3 888 563 450
1 927 315900
2 623546 5 950 111 800 663 674
1 881 453261
1 944 206999
2 780595 5 47 570 556 464 608
1 731 372860
2 263208 1 912
2 809167 2 243 909
2 98466 3 355 22 205
2 708645 2 912 175
3
2 946465 4 1 559 339 823
2 695996 4 885 914 956 586
2 847703 4 476 501 756 248
3
2 21173 3 238 853 598
2 686470 5 351 276 172 546 109
1 207 995083
1 416 22546
3
1 362 481571
1 273 274363
2 869500 5 353 841 954 415 351
1 68 789534
3
1 573 144415
2 103927 5 85 349 372 40 351
3
1 289 932576
2 132532 2 109 797
3
1 215 281728
1 113 775319
2 554250 2 500 177
1 97 448575
1 946 798233
1 533 371164
1 93 868826
1 899 195176
1 36 858228
2 856267 2 53 366
1 738 962908
2 678614 4 837 316 856 764
3
1 729 527137
3
1 673 448525
3
1 23 98609
3
1 564 169181
2 897240 2 541 962
1 615 295316
3
1 689 974492
1 268 656103
1 634 30128
1 552 249178
3
1 168 722953
3
2 227535 2 810 741
2 697852 2 756 541
3
1 686 415638
3
2 368798 4 21 396 564 654
1 771 565078
2 102815 2 341 366
3
2 686002 1 352
2 32358 2 798 559
1 892 176215
2 454170 2 14 277
1 646 622637
2 268359 1 593
1 626 454291
2 704646 5 930 804 437 991 473
2 768585 4 289 215 328 168
1 429 687650
3
1 768 645183
1 753 851950
3
2 932380 4 16 517 325 276
3
2 408468 4 731 185 682 748
3
2 181523 5 233 898 396 68 391
2 617544 3 978 464 555
1 451 478366
3
1 196 518630
3
1 281 596629
2 586684 5 425 974 416 219 367
3
1 710 410942
3
1 100 800358
1 400 371948
1 772 375869
3
1 907 598592
2 128384 5 93 384 405 988 642
3
1 90 743112
3
1 232 761048
3
1 794 310120
1 479 677136
3
2 527127 4 525 608 233 483
1 568 723956
2 139743 4 771 487 541 4
2 327772 2 867 437
3
1 59 353610
2 81685 1 856
1 496 82569
3
1 560 338918
1 675 39143
1 896 377885
3
1 801 313410
2 445801 1 560
3
1 669 695247
1 585 924366
3
1 364 78940
1 299 418200
1 80 340004
2 621123 2 643 279
3
1 42 644018
2 624383 5 233 651 314 355 966
3
2 342723 3 501 804 487
1 397 110767
2 395168 4 738 561 639 35
1 229 962642
3
2 33638 1 155
2 970753 4 73 571 794 75
2 683870 2 918 967
2 356793 5 977 431 372 641 434
1 385 614661
2 285431 5 772 748 689 180 151
3
2 401303 2 861 119
3
2 424163 3 297 558 496
2 503730 5 919 856 16 696 321
2 142629 2 133 202
1 827 314770
1 278 124177
2 902924 2 720 155
2 97415 4 133 285 505 559
3
1 64 66875
1 972 793136
1 419 642807
3
3
